4
Cmol
AL2
Mod
Y
0.3 4.1
1.5 17.5
2.65 2.95
4.0 6.0
2
Rr
Yvn
3 3 
01 01 01 01  1.82 1.37 1.61  14.1 25.5 19.7
-1 01 01 01  0.98 0.98 0.74  34.8 35.4 40.2
01 -1 01 01  1.72 1.29 1.41  16.5 28.0 24.4 
-1 -1 01 01  1.47 1.67 1.51  23.1 18.0 22.1 
01 01 -1 01  1.76 1.98 1.88  15.5 10.1 13.0
-1 01 -1 01  1.87 2.32 2.16  10.8  4.9  6.1
01 -1 -1 01  1.64 1.60 1.83  18.5 20.0 14.2
-1 -1 -1 01  1.80 1.92 1.98  15.0 11.6 10.3
01 01 01 -1  1.62 1.17 1.41  19.2 30.5 24.2
-1 01 01 -1  0.88 0.83 0.67  37.6 39.1 42.3
01 -1 01 -1  1.61 1.17 1.29  19.3 30.4 27.7
-1 -1 01 -1  1.28 1.48 1.30  27.6 22.7 27.2
01 01 -1 -1  1.46 1.71 1.57  23.2 16.7 20.7
-1 01 -1 -1  1.56 2.03 1.87  20.8  9.0 13.0
01 -1 -1 -1  1.45 1.39 1.65  23.6 25.3 18.6
-1 -1 -1 -1  1.63 1.78 1.70  17.5 16.6 17.4
01 00 00 00  1.71 1.83 1.92  16.7 14.0 11.4
-1 00 00 00  1.59 1.87 1.88  20.2 13.0 12.6
00 01 00 00  1.07 1.33 1.47  33.0 26.4 23.0
00 -1 00 00  1.05 1.63 1.33  30.8 22.1 26.7
00 00 01 00  1.36 1.82 1.58  25.8 14.2 20.4
00 00 -1 00  2.00 1.79 1.67  10.0 15.2 18.0
00 00 00 01  1.76 1.68 1.92  15.5 17.3 11.5
00 00 00 -1  1.40 1.59 1.49  23.0 22.0 21.4
00 00 00 00  1.89 1.56 1.94  12.4 20.4 11.2
