3
Ñâ %
Ï/Nu
Âå %
5.5 9.5
5.0 7.0
0.1 1.3
4
Rs
Rr
Rt
d
3 3 3 3
01 01 01  0.17 0.13 0.15  0.72 0.70 0.84  0.13 0.03 0.02  0.0 0.3 0.1
-1 01 01  0.35 0.34 0.35  0.06 0.00 0.06  0.05 0.05 0.08  0.2 0.5 0.5
01 -1 01  0.08 0.09 0.08  1.11 1.20 1.25  0.21 0.35 0.33  0.0 0.2 0.3
-1 -1 01  0.26 0.24 0.27  0.10 0.02 0.06  0.08 0.13 0.14  0.0 0.3 0.1
01 01 -1  0.12 0.13 0.15  1.11 1.16 1.17  0.23 0.37 0.34  0.0 0.1 0.0
-1 01 -1  0.35 0.34 0.33  0.02 0.02 0.02  0.16 0.08 0.11  0.0 0.1 0.0
01 -1 -1  0.09 0.06 0.07  1.95 1.89 1.82  0.51 0.51 0.61  0.0 0.0 0.2
-1 -1 -1  0.16 0.19 0.18  0.10 0.21 0.14  0.19 0.24 0.26  0.0 0.1 0.0
01 00 00  0.09 0.12 0.11  1.44 1.32 1.40  0.06 0.08 0.18  0.0 0.0 0.3
-1 00 00  0.30 0.31 0.29  0.02 0.03 0.03  0.06 0.09 0.11  0.1 0.0 0.0
00 01 00  0.22 0.23 0.25  0.17 0.28 0.25  0.08 0.08 0.16  0.0 0.0 0.3
00 -1 00  0.10 0.08 0.08  0.72 0.71 0.65  0.12 0.26 0.27  0.0 0.0 0.2
00 00 01  0.17 0.15 0.18  0.34 0.25 0.29  0.00 0.00 0.03  0.1 0.3 0.0
00 00 -1  0.15 0.14 0.13  0.43 0.42 0.51  0.15 0.12 0.12  0.0 0.1 0.0
00 00 00  0.15 0.12 0.13  0.33 0.45 0.43  0.14 0.19 0.14  0.0 0.1 0.0
